0 9.999839e-01
1 4.095886e-01
2 3.210975e-02
3 9.465771e-03
4 1.206128e-02
5 6.686465e-06
6 4.076852e-03
7 7.549611e-04
8 8.856804e-04
9 1.116082e-03
10 3.016475e-05
11 7.687472e-04
12 9.062733e-05
13 2.904477e-04
14 2.628562e-04
15 3.156244e-05
16 2.624577e-04
17 1.330785e-05
18 1.388575e-04
19 8.474172e-05
20 2.818404e-05
21 1.145396e-04
22 1.056160e-06
23 7.855456e-05
24 3.074973e-05
25 2.410846e-05
26 5.634624e-05
27 2.495896e-07
28 4.847066e-05
29 1.123847e-05
30 2.022599e-05
31 2.936001e-05
32 1.508956e-06
33 3.130090e-05
34 3.713212e-06
35 1.675394e-05
36 1.556459e-05
37 2.802163e-06
38 2.066126e-05
39 9.128031e-07
40 1.370171e-05
41 8.134767e-06
42 3.708858e-06
43 1.370236e-05
44 1.007159e-07
45 1.106047e-05
46 4.045980e-06
47 4.197188e-06
48 9.017889e-06
49 1.203064e-07
50 8.786534e-06
51 1.827848e-06
52 4.344572e-06
53 5.811635e-06
54 4.500548e-07
55 6.857437e-06
56 6.867481e-07
57 4.230475e-06
58 3.622226e-06
59 8.472843e-07
60 5.234003e-06
61 1.786204e-07
62 3.939216e-06
63 2.142053e-06
64 1.197334e-06
65 3.895339e-06
66 3.407587e-08
67 3.529430e-06
68 1.173348e-06
69 1.456403e-06
70 2.806888e-06
71 8.862963e-08
72 3.059375e-06
73 5.687407e-07
74 1.608396e-06
75 1.946599e-06
76 2.385119e-07
77 2.565075e-06
78 2.261048e-07
79 1.661566e-06
80 1.282555e-06
81 4.177109e-07
82 2.082830e-06
83 6.456962e-08
84 1.626222e-06
85 7.916128e-07
86 5.877410e-07
87 1.631162e-06
88 2.516287e-08
89 1.524103e-06
90 4.445647e-07
91 7.238895e-07
92 1.229522e-06
93 6.173651e-08
94 1.371108e-06
95 2.181683e-07
96 8.169760e-07
97 8.840846e-07
98 1.396466e-07
99 1.188920e-06
100 8.661678e-08
101 8.618872e-07
102 6.019924e-07
103 2.337964e-07
104 9.912942e-07
105 2.868992e-08
106 8.634564e-07
107 3.809517e-07
108 3.250181e-07
109 7.951019e-07
110 2.363012e-08
111 8.254425e-07
112 2.194074e-07
113 4.023102e-07
114 6.093784e-07
115 5.389902e-08
116 7.581125e-07
117 1.100939e-07
118 4.573198e-07
119 4.446315e-07
120 1.044693e-07
121 6.683457e-07
122 4.659739e-08
123 4.882921e-07
124 3.045419e-07
125 1.626150e-07
126 5.670861e-07
127 1.969069e-08
128 4.937295e-07
129 1.934365e-07
130 2.194626e-07
131 4.608828e-07
132 2.095257e-08
133 4.774029e-07
134 1.106783e-07
135 2.673479e-07
136 3.584902e-07
137 4.160806e-08
138 4.417323e-07
139 5.579115e-08
140 3.027259e-07
141 2.641667e-07
142 7.374721e-08
143 3.929358e-07
144 2.513398e-08
145 3.223894e-07
146 1.833678e-07
147 1.107517e-07
148 3.348236e-07
149 1.519378e-08
150 3.270144e-07
151 1.176105e-07
152 1.465609e-07
153 2.735863e-07
154 2.114492e-08
155 3.166731e-07
156 6.882062e-08
157 1.774204e-07
158 2.126770e-07
159 3.833436e-08
160 2.946386e-07
161 3.603218e-08
162 1.998520e-07
163 1.569011e-07
164 6.217408e-08
165 2.627477e-07
166 1.844423e-08
167 2.129568e-07
168 1.082465e-07
169 8.826463e-08
170 2.252363e-07
171 1.354339e-08
172 2.156546e-07
173 6.932996e-08
174 1.133943e-07
175 1.845260e-07
176 1.886314e-08
177 2.092237e-07
178 4.047076e-08
179 1.344119e-07
180 1.444810e-07
181 3.131540e-08
182 1.942754e-07
183 2.217794e-08
184 1.498935e-07
185 1.069516e-07
186 4.795240e-08
187 1.734302e-07
188 1.336587e-08
189 1.582615e-07
190 7.463967e-08
191 6.613010e-08
192 1.481759e-07
193 1.290354e-08
194 1.597574e-07
195 4.836450e-08
196 8.328718e-08
197 1.213219e-07
198 1.891778e-08
199 1.542671e-07
200 2.932218e-08
201 9.781279e-08
202 9.441260e-08
203 2.948366e-08
204 1.433242e-07
205 1.721025e-08
206 1.080506e-07
207 6.976582e-08
208 4.263716e-08
209 1.276504e-07
210 1.183603e-08
211 1.136349e-07
212 4.837563e-08
213 5.636095e-08
214 1.093314e-07
215 1.212149e-08
216 1.140373e-07
217 3.159491e-08
218 6.920235e-08
219 8.946786e-08
220 1.696106e-08
221 1.099066e-07
222 1.960780e-08
223 7.958470e-08
224 7.003679e-08
225 2.492764e-08
226 1.015054e-07
227 1.271052e-08
228 8.695559e-08
229 5.195077e-08
230 3.456605e-08
231 9.022736e-08
232 1.041278e-08
233 9.045118e-08
234 3.661463e-08
235 4.459399e-08
236 7.678288e-08
237 1.211809e-08
238 9.030340e-08
239 2.440687e-08
240 5.370820e-08
241 6.271700e-08
242 1.692704e-08
243 8.642245e-08
244 1.599207e-08
245 6.118301e-08
246 4.879257e-08
247 2.376025e-08
248 7.974066e-08
249 1.117027e-08
250 6.607669e-08
251 3.624404e-08
252 3.165478e-08
253 7.059084e-08
254 9.835527e-09
255 6.834627e-08
256 2.558396e-08
257 3.950999e-08
258 6.022900e-08
259 1.139073e-08
260 6.769411e-08
261 1.754147e-08
262 4.660215e-08
263 4.915284e-08
264 1.517047e-08
265 6.457774e-08
266 1.217043e-08
267 5.202018e-08
268 3.852392e-08
269 2.046053e-08
270 5.914508e-08
271 9.603052e-09
272 5.564070e-08
273 2.882355e-08
274 2.638430e-08
275 5.225646e-08
276 9.523297e-09
277 5.689125e-08
278 2.082467e-08
279 3.226759e-08
280 4.424681e-08
281 1.153541e-08
282 5.605642e-08
283 1.469808e-08
284 3.736942e-08
285 3.611960e-08
286 1.518174e-08
287 5.306679e-08
288 1.077670e-08
289 4.137467e-08
290 2.823934e-08
291 1.969975e-08
292 4.852927e-08
293 8.908798e-09
294 4.364810e-08
295 2.132895e-08
296 2.465172e-08
297 4.266097e-08
298 9.012097e-09
299 4.439678e-08
300 1.566759e-08
301 2.934097e-08
302 3.631616e-08
303 1.072298e-08
304 4.333855e-08
305 1.161075e-08
306 3.337980e-08
307 2.964317e-08
308 1.350740e-08
309 4.089216e-08
310 9.189060e-09
311 3.621393e-08
312 2.342951e-08
313 1.710481e-08
314 3.716426e-08
315 8.454798e-09
316 3.797723e-08
317 1.790422e-08
318 2.081566e-08
319 3.269615e-08
320 9.099559e-09
321 3.813055e-08
322 1.349295e-08
323 2.433712e-08
324 2.759468e-08
325 1.088187e-08
326 3.711456e-08
327 1.036005e-08
328 2.728623e-08
329 2.268117e-08
330 1.362359e-08
331 3.479144e-08
332 8.561815e-09
333 2.947255e-08
334 1.799899e-08
335 1.658753e-08
336 3.153030e-08
337 7.934388e-09
338 3.036321e-08
339 1.408142e-08
340 1.981061e-08
341 2.758693e-08
342 8.573550e-09
343 3.046600e-08
344 1.108176e-08
345 2.273107e-08
346 2.360422e-08
347 1.007888e-08
348 2.926456e-08
349 8.936117e-09
350 2.491426e-08
351 1.938267e-08
352 1.201156e-08
353 2.731496e-08
354 7.942779e-09
355 2.630473e-08
356 1.573456e-08
357 1.463071e-08
358 2.488320e-08
359 8.125893e-09
360 2.719499e-08
361 1.244447e-08
362 1.679914e-08
363 2.187876e-08
364 8.765696e-09
365 2.669638e-08
366 9.784214e-09
367 1.867737e-08
368 1.846166e-08
369 1.028045e-08
370 2.600138e-08
371 8.519013e-09
372 2.073721e-08
373 1.556646e-08
374 1.242748e-08
375 2.432403e-08
376 7.645208e-09
377 2.187574e-08
378 1.231894e-08
379 1.370359e-08
380 2.135979e-08
381 7.220997e-09
382 2.198398e-08
383 1.045693e-08
384 1.643880e-08
385 1.890535e-08
386 8.620224e-09
387 2.234352e-08
388 9.451938e-09
389 1.893355e-08
390 1.624740e-08
391 9.035985e-09
392 1.988526e-08
393 7.085886e-09
394 1.885149e-08
395 1.339419e-08
396 1.048048e-08
397 1.839615e-08
398 7.888542e-09
399 2.027071e-08
400 1.324092e-08
401 1.475020e-08
402 1.797425e-08
403 8.287224e-09
404 1.948331e-08
405 9.134482e-09
406 1.297270e-08
407 1.495230e-08
408 7.239020e-09
409 1.711692e-08
410 7.819821e-09
411 1.442493e-08
412 1.632326e-08
413 1.353568e-08
414 2.046375e-08
415 8.929266e-09
416 1.604369e-08
417 1.209259e-08
418 1.061932e-08
419 1.753871e-08
420 4.754957e-09
421 1.274254e-08
422 8.711194e-09
423 1.080795e-08
424 1.883451e-08
425 1.095185e-08
426 1.750969e-08
427 9.815139e-09
428 1.470886e-08
429 1.544789e-08
430 7.516092e-09
431 1.590743e-08
432 6.239512e-09
433 1.236790e-08
434 1.308441e-08
435 9.322377e-09
436 1.483641e-08
437 7.365033e-09
438 1.460209e-08
439 1.020107e-08
440 9.140953e-09
441 1.314840e-08
442 7.478726e-09
443 1.524769e-08
444 1.332504e-08
445 1.557831e-08
446 1.287297e-08
447 7.763329e-09
448 1.453176e-08
449 7.104141e-09
450 1.057092e-08
451 1.087982e-08
452 7.913594e-09
453 1.388638e-08
454 7.904101e-09
455 1.259997e-08
456 8.325618e-09
457 7.487633e-09
458 1.660100e-08
459 9.239461e-09
460 1.366218e-08
461 1.056759e-08
462 1.226378e-08
463 1.595756e-08
464 6.034792e-09
465 1.171190e-08
466 8.070743e-09
467 9.899608e-09
468 1.189030e-08
469 6.838636e-09
470 1.012987e-08
471 5.991713e-09
472 1.244425e-08
473 1.095841e-08
474 8.775738e-09
475 1.314195e-08
476 7.571064e-09
477 1.345283e-08
478 1.274368e-08
479 9.694578e-09
480 1.229996e-08
481 9.536243e-09
482 1.365949e-08
483 9.362110e-09
484 7.193978e-09
485 9.935968e-09
486 8.194917e-09
487 1.311112e-08
488 5.566463e-09
489 4.992338e-09
490 9.808428e-09
491 9.234237e-09
492 1.226914e-08
493 7.746443e-09
494 1.064161e-08
495 1.088549e-08
496 1.126542e-08
497 1.569906e-08
498 9.270856e-09
499 1.828844e-08
500 1.718921e-08
