k[h/Mpc] G1(z=0.00) G1(z=0.50) G1(z=1.00) G1(z=2.00) G1(z=3.00) 
0.0125664 1.24035009664 1.23833863081 1.23780466289 1.23808225164 1.23805995128 
0.0193692 1.2317742341 1.23246393777 1.23358381038 1.23538364419 1.23633459511 
0.0289616 1.22193703289 1.22560079052 1.22869326426 1.23255954095 1.23436369263 
0.039385 1.23103185653 1.23317992935 1.23510825166 1.23735240292 1.23812627971 
0.0503594 1.2117619942 1.21879906002 1.22427043105 1.23042073272 1.2331507189 
0.0608263 1.21738056562 1.22516523903 1.23056784481 1.23577653874 1.23760139353 
0.0703551 1.2168270395 1.22377692941 1.22885629807 1.23403471866 1.23599561755 
0.0803445 1.22593527272 1.22922121882 1.2324116418 1.23592745253 1.23716440268 
0.090573 1.25177664243 1.2467662315 1.24431014974 1.24195277483 1.24059225281 
0.100644 1.27693780073 1.26564695532 1.25899892022 1.25174304906 1.24769356413 
0.11023 1.26005637489 1.2500883523 1.24593117969 1.24240986219 1.24061999953 
0.119724 1.26193089224 1.25720271859 1.25438792038 1.24994669029 1.24665385625 
0.129804 1.25905315777 1.25421632676 1.2520228637 1.24853833315 1.24572780385 
0.140162 1.29223191706 1.28009958543 1.27211419402 1.26121069497 1.25429667508 
0.150266 1.33883245518 1.31558481084 1.29634852738 1.27228438136 1.25990813465 
0.160095 1.36858237007 1.33472014567 1.30762456301 1.27639893307 1.26134541117 
0.169444 1.35900515671 1.3261690639 1.303135228 1.27676362732 1.26305994806 
0.17946 1.3667164525 1.33117377593 1.30673724997 1.27873158532 1.26424721573 
0.189654 1.37516288995 1.33878479124 1.31198004251 1.2816661112 1.26627025143 
0.200051 1.39674407735 1.35283439852 1.3232366301 1.28881756828 1.27072719297 
0.210041 1.41463221177 1.37711584437 1.34719872602 1.30542604936 1.28164752845 
0.219554 1.45881526221 1.4112733524 1.36963171803 1.31736836301 1.28960132094 
0.229778 1.46046239569 1.40757526015 1.36798913547 1.31902791101 1.29163611654 
0.240106 1.48027181103 1.41884110856 1.37292877001 1.31733621297 1.28824611611 
0.250215 1.471278978 1.41808807234 1.37610512742 1.32267207177 1.29350745447 
0.259904 1.50182286148 1.43826948053 1.38968477795 1.33100580732 1.2987948412 
0.269778 1.51546248875 1.4603169149 1.41420060619 1.34913554817 1.31069888477 
0.280022 1.544309621 1.48461590612 1.43085512393 1.36039346008 1.31883410372 
0.290222 1.54079380713 1.47635921096 1.42996717764 1.36500217637 1.3234862986 
0.300311 1.56303626027 1.49953972991 1.44374864171 1.36723554199 1.32348161677 
0.310061 1.5709244697 1.49691803093 1.43935149533 1.3670002349 1.32507277811 
0.319908 1.58042852167 1.51194551393 1.45473530131 1.38018665804 1.33523593571 
0.33016 1.58566112373 1.52313333467 1.47412651065 1.39627947844 1.34423763536 
0.340074 1.62250865172 1.54701208233 1.4847881808 1.40232489693 1.35118843967 
0.350039 1.61800584282 1.55495825189 1.50076385957 1.41282083282 1.35575304115 
0.359957 1.62347109804 1.56252934886 1.51282101181 1.42273014867 1.36069711067 
0.369889 1.64044730105 1.57878951678 1.51962252129 1.42427105984 1.36354559232 
0.380062 1.66032064149 1.58966336078 1.52925562529 1.43102885312 1.36855655399 
0.39012 1.66034237391 1.59759069366 1.54247512612 1.44251981579 1.37406534692 
0.40008 1.67240346779 1.60363874612 1.55115643939 1.4546188942 1.38436886155 
0.409961 1.67162575833 1.63276904092 1.57405330834 1.46185313437 1.38880168041 
0.419893 1.69177089987 1.63121833863 1.57470724536 1.47433504743 1.39766711477 
0.430068 1.69830616338 1.65833294164 1.58894747723 1.47561683229 1.40103296109 
0.440262 1.69898461607 1.66110142766 1.60524730804 1.48524732302 1.40371702849 
0.450176 1.72122917557 1.66785671661 1.60957373978 1.49323723175 1.41243832535 
0.459999 1.72959499401 1.67628459918 1.61201524451 1.49963812644 1.41656211786 
0.470028 1.73636512891 1.6862272998 1.62526059998 1.50806322129 1.42559211097 
0.480032 1.75022663478 1.69818837621 1.63385813265 1.51125417563 1.42667009996 
0.490024 1.74562123515 1.69744703676 1.64074219326 1.52476524398 1.43767974989 
0.500102 1.73671500729 1.70746992274 1.66150539148 1.53641546647 1.44260853568 
0.509969 1.76112584056 1.73072809443 1.66253980842 1.54062591851 1.44785857185 
0.51993 1.76083357511 1.72056350229 1.67450028694 1.55926464268 1.459877432 
0.530046 1.76909355597 1.7413095171 1.68849834907 1.56030296799 1.45870476645 
0.539975 1.77482771446 1.74784672375 1.69703995463 1.56453130264 1.46536648749 
0.550027 1.78480123331 1.75402890158 1.70833063529 1.57768071258 1.47228359702 
0.56014 1.7764791365 1.76941306432 1.71157358345 1.5805522638 1.47784586221 
0.570079 1.78030201346 1.77529165248 1.7261118354 1.58555147986 1.48064267032 
0.580051 1.79844077111 1.77165225059 1.72415569948 1.59655903547 1.48872115111 
0.589901 1.79366335628 1.79005788029 1.73759368816 1.60849916293 1.4952128601 
0.599904 1.80009306479 1.79396986198 1.74667437958 1.60785259284 1.49681717018 
0.610083 1.79041440256 1.79794177476 1.75442963168 1.62357649397 1.50854168794 
0.620024 1.80965800586 1.80623709679 1.7708339449 1.6220830074 1.50891778041 
0.629958 1.80130619271 1.81547328914 1.76283060342 1.63159918581 1.5179536021 
0.640077 1.81009325605 1.81667818376 1.77286840554 1.64121648722 1.52868773569 
0.650017 1.81373890093 1.83019470658 1.78434321794 1.64518699929 1.52881083912 
0.659905 1.82218568419 1.82043334712 1.78469219228 1.65935383663 1.5383153889 
0.669906 1.82041906282 1.82674352681 1.7959901671 1.66431695457 1.54567388051 
0.680035 1.82790700163 1.83654550825 1.80249072831 1.67245304697 1.54693152353 
0.690038 1.81890406044 1.83645964091 1.80188923199 1.68114223689 1.55619381169 
0.699992 1.82559587636 1.84000848405 1.81210679468 1.68591697748 1.56547060959 
0.710052 1.81662980082 1.84160199418 1.82779465987 1.6973523534 1.56667244628 
0.719968 1.83523801725 1.84681354798 1.83432146084 1.69435559051 1.56653251557 
0.729958 1.81978513366 1.8500583482 1.83862828112 1.71015772574 1.57606345418 
0.740093 1.82396651425 1.86378398541 1.8487880779 1.71579431489 1.5819788649 
0.75004 1.82473845667 1.85188420769 1.8532186137 1.72770374998 1.59056533271 
0.759941 1.81729029362 1.86414556221 1.85768131552 1.72605313631 1.59462562498 
0.769961 1.82293139566 1.87186489412 1.86504210156 1.73307856054 1.5971056065 
0.780084 1.81721198328 1.87129707839 1.87778027431 1.74196272747 1.60562814084 
0.790111 1.8377916959 1.87795603117 1.86856066683 1.74524518183 1.61075076721 
0.799975 1.82378989566 1.87226939078 1.88090389629 1.75459758394 1.62116627767 
0.809993 1.81921081509 1.8839175809 1.88464867509 1.76507645381 1.623859049 
0.820129 1.80940814046 1.89087643312 1.88136442869 1.77210340742 1.6346898769 
0.830105 1.81913480408 1.89159284866 1.89631562769 1.77569755926 1.63826369114 
0.840072 1.8144536707 1.88555426573 1.88886490252 1.78619943263 1.64287776781 
0.850086 1.83686272718 1.87772094332 1.90279848919 1.78927881459 1.64754494152 
0.86004 1.81128320364 1.89016076043 1.9114882666 1.79800639889 1.64929490224 
0.869954 1.81429405563 1.89045685608 1.91302349721 1.80031213727 1.66133506148 
0.879952 1.81370082057 1.88101205627 1.92267666861 1.81055438216 1.66712204934 
0.890005 1.80773372003 1.90322722084 1.91309775233 1.81868112496 1.66830951806 
0.899963 1.80527623928 1.88451690336 1.92768785219 1.82159186666 1.67697701038 
0.909992 1.80677490705 1.89333072163 1.93240786657 1.83385032511 1.68130720611 
0.920118 1.80375260048 1.88967559595 1.9360724868 1.83576633168 1.68876391725 
0.930107 1.78953133125 1.8917719691 1.94062681326 1.84505739619 1.68798447235 
0.94006 1.78330090054 1.89820739611 1.93721268737 1.8513307151 1.7009551331 
0.950045 1.78685983705 1.90000343271 1.94577098431 1.85362768737 1.70707318951 
0.960026 1.77803439056 1.89647009744 1.95345220813 1.86155018658 1.70660347716 
0.970042 1.77849963954 1.88773620025 1.95949449311 1.86991548746 1.71406007253 
0.979951 1.78327969723 1.89972540391 1.95874183241 1.87141214772 1.72066693356 
0.989966 1.77605162763 1.89479852497 1.95693603639 1.87361870951 1.73073827506 
0.999986 1.76722697644 1.89866164981 1.96091833032 1.8814847341 1.73569972698 
1.00994 1.77708572165 1.89339682874 1.96811283038 1.89349849636 1.74350847043 
1.02005 1.76486765846 1.89281128117 1.9754641895 1.89775744317 1.74029562122 
1.0301 1.76113415677 1.87990276072 1.97429277046 1.91043933696 1.74573247114 
1.04002 1.76249203408 1.88651836537 1.98100125402 1.91079519106 1.7498748047 
1.04999 1.74610225967 1.8944944507 1.9835304653 1.91508440007 1.7587501331 
1.06004 1.73013434659 1.89423174889 1.97987803217 1.9223567077 1.76577809868 
1.0701 1.75160450157 1.88505355668 1.98741809172 1.92608984511 1.76876333395 
1.08007 1.74693536421 1.87990540706 1.99355262117 1.92946754677 1.77555708501 
1.08999 1.73447058547 1.88949605039 1.98622619855 1.94033545655 1.78209002225 
1.09996 1.73032639334 1.88713456405 1.99649698739 1.93623137023 1.78153583577 
1.10995 1.7204341269 1.88995028358 1.99814412847 1.94132919585 1.79090422104 
1.11998 1.73083996656 1.88523215972 2.00168824657 1.94911954665 1.79645566275 
1.13004 1.72013062427 1.8859514472 1.99548237993 1.96241362162 1.80289926385 
1.14007 1.71333240488 1.87641286283 2.0020678722 1.96398053192 1.80624698973 
1.15001 1.69727887668 1.8805293606 2.00384925414 1.96845201841 1.81336323801 
1.15998 1.70340689284 1.88455016062 2.00492733529 1.97067794309 1.82106357956 
1.17005 1.70996352996 1.87105969684 2.00623465342 1.97786584342 1.8248049525 
1.18004 1.70030391713 1.86583634968 2.01014550487 1.98426173177 1.82780772025 
1.19 1.68367994983 1.86839912345 2.00964037818 1.99393304643 1.83378767984 
1.20002 1.68136568636 1.8642790281 2.01624697734 1.9936850258 1.8375191232 
1.21003 1.69179857869 1.85729393856 2.01581223711 2.00069565983 1.84601295502 
1.21999 1.67653953838 1.8669576824 2.01897550645 1.99990530321 1.8512805216 
1.23001 1.67613472629 1.86413529711 2.02001610386 2.00380625709 1.84899602954 
1.24001 1.67015738184 1.86925188512 2.01141278654 2.01466694375 1.85809823639 
1.24996 1.64804097517 1.86640276175 2.01936024496 2.01486646233 1.8628764108 
1.25997 1.65411441831 1.86547302536 2.01248782107 2.02599572307 1.86964993246 
1.27007 1.64867240749 1.85857107535 2.02161028255 2.02817288597 1.87481613156 
1.28011 1.64288969287 1.84134219019 2.02597246344 2.03047708057 1.88241453403 
1.29005 1.64286885041 1.84828522855 2.01846847842 2.03742133692 1.88304324538 
1.29999 1.62335499384 1.85037206201 2.01886359026 2.0464933472 1.88805465242 
1.31 1.63465588678 1.83564474447 2.02179190147 2.05256884199 1.88868861715 
1.32006 1.62273404075 1.84257366142 2.01911220828 2.0495278641 1.89827317148 
1.3301 1.62245821424 1.82888452255 2.02474775521 2.055521023 1.90107031476 
1.34003 1.61753004265 1.85587102437 2.01914841674 2.06034458057 1.90382780914 
1.35 1.60903680618 1.83409558997 2.01625534941 2.06594349637 1.91468442449 
1.36004 1.61560225703 1.81336589513 2.02599795643 2.06937082816 1.91600149194 
1.37005 1.59362138081 1.83243250436 2.02073645237 2.07407560165 1.92158989875 
1.38005 1.60190586819 1.80871885652 2.02854743026 2.07770016563 1.92827808343 
1.38996 1.58286714455 1.82835042166 2.02315513457 2.07771113709 1.93097603637 
1.39992 1.58984379831 1.80606991802 2.0211210613 2.08989398961 1.93888105742 
1.40997 1.58600925466 1.81328382785 2.01332223473 2.09547740918 1.94302123922 
1.42004 1.57481834694 1.82259152732 2.0140085612 2.09666898393 1.94472694967 
1.43004 1.56807051134 1.81384367143 2.0205156527 2.09992877795 1.9515102275 
1.44 1.56301462431 1.80693029321 2.01551443145 2.1055920987 1.95581674267 
1.45005 1.56149662357 1.79880276161 2.02652352267 2.10863735268 1.96195577844 
1.46008 1.54883365699 1.79131616044 2.01766108562 2.10772600202 1.96207996429 
1.47003 1.55191554987 1.79562826945 2.01513005025 2.11271366098 1.96851739646 
1.47999 1.54711550149 1.8047665497 2.00846906595 2.11310778309 1.97681731398 
1.49001 1.54784760724 1.78659774106 2.01223937335 2.11998916318 1.97784819829 
1.49999 1.53778274125 1.79325398623 2.00708108003 2.12272363868 1.9869337678 
1.51004 1.52873759731 1.77029359101 2.0276672954 2.12838932014 1.98721207668 
1.52009 1.52477126026 1.77798967883 2.01581993183 2.12662319352 1.99278370722 
1.52999 1.51895009131 1.76176211153 2.0098181255 2.13443044237 2.00080177306 
1.53994 1.51421058393 1.77247470439 2.01528241518 2.13468802427 2.00312389282 
1.54996 1.51386899949 1.75728083283 2.00546983146 2.14377585685 2.00572205151 
1.55999 1.50169155669 1.76264744252 2.01620777282 2.14283939993 2.01626269931 
1.57001 1.49082517607 1.75846252352 2.0098010746 2.15482838349 2.01416013663 
1.57996 1.49132914403 1.75883901219 2.01487823964 2.15193073641 2.02293654237 
1.59001 1.49878834205 1.74974923881 2.00398262451 2.15671492512 2.02506823739 
1.60005 1.47961072275 1.74555960325 2.0078292001 2.15780790956 2.02638079965 
1.61001 1.47256928744 1.74835451841 2.00517359135 2.16554416434 2.03479170102 
1.61999 1.46923253064 1.73555046201 2.00609996067 2.16310861747 2.03902162665 
1.62995 1.4500736648 1.74926597999 2.00591180753 2.15738812699 2.04944241088 
1.63995 1.46954396536 1.73669782282 2.00411166935 2.17350911434 2.04335484366 
1.65 1.46244635397 1.72637794821 1.99708185746 2.17930166854 2.04889406135 
1.66008 1.45726927575 1.7175454441 2.00951104655 2.17541162096 2.05376985262 
1.6701 1.44986699691 1.71480907113 1.99813406103 2.17564754848 2.05667268689 
1.68004 1.44446390778 1.71524618403 2.00147102507 2.181547318 2.06483622892 
1.69 1.44271879075 1.71205248908 1.99694885972 2.18556573437 2.0703301209 
1.69997 1.42610325124 1.71140205327 1.98792075342 2.19297852599 2.07360846536 
1.70995 1.4185190207 1.70924537548 1.99017304146 2.18946353424 2.07998203174 
1.71997 1.42368950791 1.69647223203 1.99365792551 2.19238734648 2.0832405924 
1.73002 1.41208349564 1.69827616768 1.98927833204 2.19585726592 2.08800104839 
1.74004 1.40825161948 1.68048417894 1.98150479959 2.20287602418 2.09252766049 
1.75002 1.40563989441 1.69122925694 1.98910758134 2.20243462827 2.0897986658 
1.76 1.39800566216 1.68520446981 1.98764666638 2.2056616763 2.10036927243 
1.77003 1.39787530753 1.68993696818 1.97895309056 2.20349726648 2.10223352057 
1.78004 1.38744306597 1.67554198557 1.9823632008 2.21001675783 2.10969794723 
1.79 1.37673115627 1.68872646152 1.97430434463 2.21333300826 2.10707399767 
1.80003 1.38010274661 1.66421240234 1.97886287683 2.21856659989 2.11453511881 
1.81002 1.3782916069 1.66938640459 1.97422836344 2.21454425837 2.1220141074 
1.82003 1.36935804039 1.6670420731 1.97363306249 2.21845169542 2.121496075 
1.83006 1.35991513183 1.66235293159 1.97361696913 2.22471956653 2.12844813931 
1.84004 1.3618416991 1.6518611016 1.97291807846 2.22393384943 2.13436964567 
1.85005 1.35353596382 1.64698247971 1.95585016149 2.22320743785 2.13632971884 
1.86007 1.355178509 1.65573279387 1.96595495148 2.23295564826 2.14063795054 
1.87003 1.33764693955 1.63759197495 1.95969264607 2.23448172807 2.14335237157 
1.88002 1.33411940849 1.643676874 1.96229077903 2.23280827709 2.15039628566 
1.89002 1.33123616395 1.64243412113 1.95989455067 2.2310870116 2.15222510012 
1.90002 1.32413135625 1.62702974055 1.94839986706 2.23937960441 2.15485082991 
1.91004 1.3205319 1.62301364786 1.95591893159 2.23055773676 2.16387552614 
1.92005 1.31906474012 1.62016655627 1.95316950163 2.24628782927 2.16457416336 
1.93001 1.31920182862 1.61405455255 1.9586277861 2.24362880655 2.16811130474 
1.93999 1.31128833843 1.6212946539 1.95056225126 2.24532773977 2.1660448777 
1.94997 1.30445384441 1.61592595113 1.94350875972 2.2514803175 2.17566835884 
1.95999 1.30003087869 1.60039094183 1.94656173285 2.25080562731 2.17704686887 
1.96998 1.29238986342 1.60563269613 1.94921462781 2.24640419119 2.18247054056 
1.97995 1.2848872419 1.59426269789 1.93811694644 2.25383765615 2.19309579056 
1.98998 1.282303897 1.58445075415 1.93546756111 2.25653212226 2.1873890909 
2.00001 1.28123532578 1.58821125213 1.94303044263 2.26009831892 2.19655515567 
2.01004 1.2812270694 1.59023964139 1.93350280237 2.26564624304 2.19738361406 
2.02001 1.27133455333 1.57287284878 1.93043563014 2.26431711548 2.20282199972 
2.02995 1.26476046872 1.56985044037 1.92887195633 2.26474295491 2.2049660438 
2.03993 1.2629236531 1.56304820424 1.92680194631 2.26099146424 2.21313833421 
2.05002 1.25926935131 1.57181847869 1.92525615354 2.26646981889 2.2137547699 
2.06004 1.25584810755 1.56102834983 1.92390146041 2.2746060054 2.21614388249 
2.06999 1.25211047561 1.54579722252 1.92290603661 2.26656951096 2.221240077 
2.07997 1.24333671512 1.56195039367 1.91545607604 2.27058895476 2.22315777501 
2.08997 1.24398536536 1.54988467675 1.91123474548 2.27509276088 2.22990794267 
2.1 1.2415613882 1.54383002129 1.9203647648 2.2811626337 2.22876886089 
2.11005 1.22270686194 1.54346688882 1.91514680636 2.27772571658 2.23440906602 
2.12003 1.22907000912 1.54467358627 1.90195045809 2.28286572672 2.24525738289 
2.13001 1.22888962083 1.52513452654 1.90481206737 2.28137557886 2.24302471407 
2.14 1.21835533683 1.52703288738 1.90266980765 2.27994573659 2.24890602626 
2.15 1.21674066775 1.52640771703 1.89096168904 2.2801960504 2.24692313459 
2.16002 1.21173839252 1.51472990245 1.8990827908 2.2901076905 2.25066035963 
2.16999 1.20546206082 1.51913478801 1.88420382211 2.29269531176 2.25519451336 
2.17998 1.20925028366 1.51410243594 1.8827657591 2.28509886313 2.26147813852 
2.19005 1.19809590249 1.51140729793 1.88394980381 2.28334661905 2.26838692765 
2.20008 1.20561981661 1.48993548701 1.88839382799 2.2935903324 2.27003357325 
2.21007 1.19417670019 1.49442097784 1.88138948245 2.29352052046 2.26736827657 
2.22007 1.19298980262 1.49740389542 1.89180390287 2.29593715659 2.2740776789 
2.23003 1.19107867464 1.48782755322 1.87761941096 2.29383227581 2.27833030198 
2.24002 1.1837217742 1.49319943049 1.8742457813 2.30063726796 2.28206380976 
2.25005 1.18508867938 1.47935022347 1.87129381734 2.30076341819 2.2823962754 
2.26002 1.17736079063 1.46824648335 1.86879589564 2.29925563261 2.28871986744 
2.27 1.16745502728 1.48493557058 1.86848690884 2.29673156397 2.28623237854 
2.27999 1.16644547326 1.46276865937 1.8714387014 2.30208839254 2.29581997005 
2.29 1.15813170301 1.47129910799 1.8514149288 2.29969616508 2.30402423924 
2.30005 1.15749023481 1.46439195144 1.86011832592 2.29951569166 2.3028968164 
2.31004 1.15452500981 1.46706379204 1.8534004116 2.3093556738 2.30265619132 
2.32 1.15008939716 1.45288130138 1.84695563255 2.31341722885 2.30983849442 
2.33003 1.14818563981 1.45146585151 1.8566788478 2.31057065047 2.3099346949 
2.34003 1.13920910704 1.44588446453 1.8516439557 2.31375323561 2.30940048529 
2.34999 1.14132921934 1.44473754506 1.84689273602 2.30928321977 2.31505178701 
2.35999 1.13172972104 1.43549273043 1.84721541575 2.31124713231 2.32577998822 
2.36997 1.13543317439 1.4336831202 1.83225505343 2.30835214458 2.32902793583 
2.38 1.12584205333 1.42421967444 1.84416598267 2.31173520938 2.32415622149 
2.39004 1.12577288589 1.41525692714 1.83925964188 2.30994891231 2.33380844897 
2.4 1.12478425788 1.4266993352 1.83513682259 2.31813886042 2.33024905633 
2.41 1.12355472258 1.41788776834 1.82670764567 2.31960961494 2.33503510476 
2.41999 1.11153616075 1.41495477158 1.82591820218 2.3135774576 2.34130378499 
2.42999 1.11442728347 1.40104936204 1.81482300373 2.31326726255 2.33896072755 
2.44001 1.10893403412 1.40487027372 1.81356531458 2.32107829882 2.3445768642 
2.44999 1.11103195925 1.40376963706 1.8111521372 2.31699920944 2.35031241126 
2.46003 1.10793456653 1.3939556723 1.80640306958 2.32231139297 2.34861429508 
2.47004 1.10235887358 1.3932608323 1.8041874176 2.32287384368 2.35369637133 
2.48002 1.10278477387 1.39321119501 1.80917938371 2.3224862239 2.36028484156 
2.49002 1.09308143196 1.38588670961 1.79601308678 2.31831027692 2.36147554934 
2.50002 1.08882997667 1.38500119334 1.79235061259 2.32073957332 2.36398583859 
2.51003 1.08444617713 1.38871506671 1.79000562598 2.31944419278 2.36850543439 
2.52003 1.08630960681 1.37484254374 1.7973905446 2.32359254332 2.36652047004 
2.53006 1.07688419277 1.3646503854 1.78551224354 2.3217432374 2.37340468256 
2.54004 1.07687671164 1.36704061264 1.78367486775 2.31770554534 2.37929629251 
2.55002 1.07675226462 1.36391663753 1.78208552441 2.32901601879 2.37864798972 
2.56 1.06718427907 1.35633996207 1.78442158688 2.33060632172 2.3792776373 
2.56996 1.07055950262 1.36802034413 1.77684615784 2.32191111534 2.37987503734 
2.57998 1.0678661288 1.35998619118 1.76776102539 2.3209028213 2.39011122253 
2.59 1.06373119785 1.35484701329 1.7655670592 2.33053328951 2.39136237894 
2.6 1.06458704117 1.34304089459 1.76625435051 2.32813699135 2.39735071042 
2.61002 1.05778716422 1.35518324775 1.76491941797 2.32466821899 2.39520380509 
2.62 1.05128998976 1.33657450197 1.75796970606 2.32767140648 2.40149266912 
2.62999 1.05168491697 1.33730382207 1.76257789281 2.32871892887 2.4041468921 
2.64002 1.04973040411 1.33394057658 1.75216254051 2.33255395907 2.40647447918 
2.65004 1.04481061314 1.32785512128 1.74880670344 2.32620976061 2.40989695776 
2.66001 1.03818758757 1.32665065546 1.74296864173 2.32614413407 2.40885585045 
2.66997 1.03621792929 1.32074199523 1.74507569699 2.32699843065 2.41360182039 
2.67996 1.03894413924 1.31556054019 1.73905008289 2.32813995702 2.41519981455 
2.69001 1.031268095 1.31936532714 1.73312547919 2.32866584755 2.42014280341 
2.70003 1.03215096825 1.30713260018 1.73589426707 2.3319082729 2.41976699755 
2.71001 1.030489657 1.31106649101 1.72787221699 2.33259209249 2.42679545782 
2.72 1.02738135617 1.30559121543 1.73097940593 2.33258941032 2.42788992716 
2.73003 1.01346605345 1.29387799685 1.72568908493 2.32968344481 2.43283721766 
2.74003 1.01397829005 1.29349352869 1.72575396787 2.33206901652 2.43314274103 
2.74998 1.01576390217 1.28866376969 1.72181514884 2.33097221979 2.43176429124 
2.75995 1.00573659417 1.27993383801 1.7207824182 2.33209276741 2.44282816931 
2.76997 1.00947077003 1.27443129308 1.70839887663 2.32824001733 2.44352137917 
2.77999 1.00680480549 1.28949638832 1.70859484767 2.33251713153 2.44012336473 
2.79003 0.998232241102 1.27862533387 1.70715661886 2.3319382002 2.44395743915 
2.8 0.997892314135 1.27170574331 1.69644188731 2.32622388099 2.45178104086 
2.80993 0.996522611898 1.26441576205 1.70122759882 2.32872306734 2.45218832162 
2.81997 0.998199161302 1.26298844526 1.69507693235 2.32992583201 2.45944674984 
2.83001 0.995125677303 1.2628155094 1.69307664826 2.33583079614 2.45815767243 
2.84003 0.988999316824 1.2569108151 1.69719186349 2.3226194811 2.45865335258 
2.85002 0.983771887883 1.25823446217 1.68353359202 2.33504408958 2.4613557816 
2.86 0.980880044911 1.26360592056 1.68227124455 2.33080273203 2.4624323504 
2.87002 0.984804353129 1.24305610333 1.6805641612 2.32974465532 2.46297879006 
2.88001 0.981710008254 1.23609833353 1.6746493042 2.33165395556 2.46914974162 
2.89001 0.969936612254 1.25362771479 1.67692328536 2.32880195883 2.46897273719 
2.89997 0.973921828904 1.23492253496 1.6743594825 2.32689635433 2.47226165954 
2.90995 0.965949036112 1.23958196099 1.67090369843 2.32956507694 2.47472866343 
2.91999 0.970695422919 1.23023659114 1.66253060542 2.32521250548 2.47893557899 
2.93003 0.96067619669 1.23199492906 1.65694607125 2.3255726659 2.48025142254 
2.94002 0.958963904502 1.2333387727 1.65254154451 2.32409844919 2.48287281476 
2.94998 0.960558298958 1.22467424423 1.65491075324 2.32631795624 2.48382831432 
2.95999 0.958855597699 1.21319697409 1.65044344492 2.32486565056 2.48224322015 
2.97002 0.954476051224 1.21870251609 1.64912479354 2.31883978704 2.48500044232 
2.98 0.952304488736 1.21223554696 1.64252822041 2.32659897765 2.48651105665 
2.98999 0.948306512075 1.2075108667 1.6289676806 2.32094992774 2.48973092256 
2.99999 0.94753778486 1.21226694715 1.63572620291 2.32797010265 2.49602886435 
3.00998 0.940197294087 1.19715506049 1.62979065769 2.32557236511 2.49320969029 
3.02002 0.938520039002 1.20030262252 1.63199633378 2.32578909997 2.49641653274 
3.03004 0.936304886069 1.1906672238 1.62866104485 2.31727135057 2.49947087761 
3.04004 0.933485490753 1.20160586939 1.62519033305 2.31942968213 2.50147045858 
3.05005 0.934598852964 1.18406899421 1.61911860405 2.3197168181 2.50383806896 
3.06004 0.926793329524 1.18783767002 1.61487892862 2.31629762315 2.50056747356 
3.07002 0.92833015527 1.18342110328 1.60802357208 2.31384207207 2.49862627799 
3.08001 0.92459462101 1.17634996588 1.60795456969 2.31823470285 2.50527342166 
3.08998 0.924072883708 1.17348446298 1.6089327184 2.31108085841 2.50582949093 
3.10001 0.920681002627 1.17660938684 1.60036231568 2.31226642368 2.51173637399 
3.11003 0.920959812482 1.17009607628 1.60079459889 2.31698232781 2.50754097145 
3.12002 0.918326521325 1.1702727065 1.59251723209 2.31547480982 2.50847351061 
3.13003 0.919358349607 1.16475400695 1.59921025443 2.30871365216 2.5129950923 
3.14002 0.914075481571 1.16137438961 1.59184148506 2.30968891519 2.51015415543 
3.15 0.908237938136 1.14387507901 1.58050728637 2.31286414457 2.5166227326 
3.16 0.905256357136 1.15555577373 1.58733050711 2.30602213815 2.51499301135 
3.17001 0.907400508162 1.15904373124 1.58112315858 2.30555415173 2.51714447704 
3.18001 0.898202530236 1.15385708479 1.57573543307 2.30734699018 2.51922726178 
3.19001 0.898362063757 1.1515046276 1.56895094035 2.30144249809 2.52331266512 
3.19999 0.896591926779 1.14480165342 1.58066974942 2.30287297192 2.5143422038 
3.21 0.896164065454 1.13770285499 1.56598003293 2.30384116977 2.52225289542 
